0010010011100111011001110110000000100111001011001010111101001001111100000111100001101100010100101111011111110100100001110101100111110110100000111100100100001000000100110100100001101011011111000001001000111101011110101110110100010110101100111111000001101010
1011011111001010011001001110100101100100111100101110010011001001110010100110000000010000110011101100110100000101000110011101100000001010000111010010000011110011010101011100111100000100101001101000010111010010101011111010111100011100110101100100011101001000
0101010011110000101011110100101101101000001010010100010011110011000011110100101110101110101010001110001011001100000101001000111011010100000001010011100010001111011100100001000001010011101111010101111000010011000001110110101010001000110011011001010110111000
1010101000100011011101001011000000101011101110010111011110010110010000100101100000100110011101001110101010010110101111101101100000111010101111100100110100101001111110000011110110111001100101111110101001010111010010100010101101000101011111010111100110100101
0101110111010000010101110110100001100001001101001000110000101011100001110001001111111100111000000100010000100101101000101010000111000011011101001101101110011110111100011010010010101111000101000111101101111111010111001000010111100110001000011011000010001111
1110111101001111010101100100011111110010001000010111100001001111001110011001010000011110100000100110100010101000011011001110010000010101111100110101101000110111111111111001000100110111100111110001010000110010100111010000110100110111000100001101010101000101
1001101100000001101000111111111001110001101000111101011010111000001001101110011101011110001100011000100000100110011010001010010111101010101110010111011110000000010110011110011000000000010011110100010010000001101111101101100011101001111100110010101110010100
0000001000111100001000001011010110101111000100001110110001011011010100110100001000000111010100110000100000011010100111010011000000111001100001010100100111100000010000110000001001101111011101110001101011011101100010111000101000100011101011100000100111011001
0000011011011111000010000011001000110010001101011110100110101111011011000110010101110011110000011110011111001101001000100011010110001000010111110111101001001010011110101100001010011100100001101001001011010100110001000110101111011101010101100011110100000111
0001011000111001101110000110101110011101001111101110100101000000001111011010000011011000000111101010001010010000100111111000110110010101110101111100001101010100010011001111011101110010100100000000110000001110111000111100011000100010010011001110101000011011
0010010100110001000111010001011001100010000110010011100111101010110001011110001111000000000111001011100010111001111010110110101100111000101011101100100011111011001011101100111000010101010111011001101000010100111111011111111011101010100101000010011100011011
0011101100001001100100001001001011111100110011000111110101000001101000100100110010111111011100000111001011001010010011101100101111010101111111011101001011100000000111110110010001001001100111100000111011001101100100000100011011111000111110111001100101000100
1111011110011110010100100001011100001110001000100001010111111100100000111010011001101111100000101000010010000110000111100110100101110010100001101100110010100010000000100010010100100011001100110010001111010010011111101010110110110100000001101100101111110010
0001110011000010101001100111001000100101111001011011010010101001010100101001011101101101010000111000010111110000111111110010110000000011000010101101110000110110111101110000100001100010000111111100011011110000011000010001010110100011100101011110011001111101
1110011000000100100111101101000111011111111000101110110110011110011011010110101100010000000110101010111011101100111101010111101000010001100110101001010101111000000010000101011010010110000110010011110011111011010011000101110011101011110010111110001101110100
0110011000011101010111010111111110100000010010110110100111010011111110000011001101011011001011111101011110111110011010011100101111111000101100101000001110011011110111100111101101100101111001110010000101101000011100000111110100001001000001111001101101110110
1111111111001110101110000111111101110010100101100011101101110110001000100110010010001001100111000011111010110100110101111110011001100010011001110001001110100101111000000101111100110101100111001000101011000100000110010000101001110001101110011101001000010110
1111101001101111001100100011101100010000001011001000110001011100100110101001010100001001101010011000110001011011011100111010100100110111110100111001110100000000011001000110001010000010100111001101001001010010001011101111111001000101001000111110010101011111
0110100111101011101110011111000110110010110010101010000001111011011100111011010110100111100010111000110011011001100111111101010011010100001110111101011101000101101101110100010110000011001101110111000001011111101001011000100111011011000111001110100001101011
0011000010011111111101011100010001100111011001100000111010100000101110010000011101001010110100000110011100000101011001110000101000000110110010011011010000001011110011001101011011001011101100001100100110000010010011011010010110000110010011101111010011001111
0111001111100110111101110100101001011100101010100101101111001000010110100111101001010011011100001101110100101001111100001111110111100001000101011100100100111100110000010000000000100101000100000100101001001100110010111100110000000011111100011001101000101110
1110011110001111101111001000101011110101010001010001100110110111100110100100111101101100000100110001010000000000010001111100100001011001001100100011000110000010101011111001001110110001001010100100101000011010100011111010010001010001000001000101101101100010
1010110000010110100101110110110010110011101101101000101000011111101110110000001000101010111100001010110010000101100101000100100101110010100001111001000101110101010110110101101001001000010100100111010001000000101000011111101011100101001001101010010111100101
1100001111011101010101001100011111000101001011111010111101001100111111000110001110000001101110011000011010011100100100101011110001101000111111010110101110010101010100110011010001001001010111111101011000100011011111110000010001100001000010011001011000111001
0110000011001010001011000000101111011101110101000011100110011110100011011000110000110001100101100001011100100010000110010001010100111110110000111001111001110100100110001110011000110001101101011101011001001111010001000010111011110101000100100010000010010011
1110110100011100110011011001001001011010111001110110011101010100111000101010110011100000101011101110111010010110011111011101111100010010110001111011010100100000100111010110100100111001010110000011001111001100101000010110001100001010100000110101010000011100
1011010111001010000010111110011011101100101111110110010100111101010000010101110010001110111010000000101000110011011110101101011111101011110101011101100111011001011111110000000011000010010001101111101100000000101111001001111011110100011100000100000000110010
1111110010000000000001001101010011010001000100111101000011010011110001100100110001111111100111101011101011110011100000100001100100111101110100011011000000010001110101001110111101110101011001101001100110010011001110111110101010000111111100111110110011000100
1100001010011010100111111110111011001100000011100010000101010011000011111011110101010110011000110101001000111110110101101101100011000001110000100100101101101011010010101100011000010110110000110100100000100000010101111100001111001100000011001100111100000110
1111001011010100101110001000100001111010000111111101100101010000101010111111111101111010010000000011111111000010000001001110000001100000010010011111100101100000000101111110110010000101111101101110101000001110000010011111101100010111100000110101101011101010
0000011011011111111010011001100010011001010010010011001111101011110011011111110100101110111111101100011011001010000010001000001100111011000011000111010110011000101001010000111101001100000011101011010101110010111010000000001010110001100010101100110101011001
1010110101100110001000000111110110000101110100110011001101001010101001101000110000011110000100100001111100010100011110001000110101010000111000010000010011111110110100101111111110011010011000010110100101010000100011000010010011111010010100111000000111100110
0011100010111010100101110011000010100110000001011011101101000111110110001001010100000000111000110101100001010100100000101010111001000011010111010101010000010111001001010001101100000110111110101101000111010100110001101000111011111111001000110111111100001001
1101101100110111011001001101111001111110110001111001110100110110111111111100000110111011000010010010000100111111100000111101101001001101101001001010010010000100101101010100001111011111110011110011101111101001101001110111111001011100001110100011100110101000
0011101111010110010000100001110101110110100111001000000011011110011000000010010011101011110100100111011110011011110011101010011000000110110111011111010011001110000010010111010010010111110001010001001100110001100110110110100101110011111110000110001011111010
1000111100100011000000000011101000010001111000000001000010001101011000111111001011010010101010110000101001010110000001101011000110000111111010110001101101110011101011001110111101010110100111101001101010000100100110111001011101010111101011011110011101110111
1110010011100100111110101010111101011101100000010110111111011011100001000010111011000100111011011111110110010101100101011011011001101011110010010110101101000000100010111001011101011111000101000100000100011000011010000111001110000011111110001010100000011110
0100000001000110100110011010101110011000010001100110100100011010010010100110000110010011000000000010110011001100001100010000011101100110111011001010011101101000000110000010010010111100000111000000101100011010100101110000011110100001010100101110100001101111
0110100110110100000011100101000100111001111110111001100110101001011011000100110011110100000100111100010101111110001001111001111011101101111111001011110100000101011100001000101100110001111110110000001111010110100100110101100001111110010001111011100110001101
0010000100001100110101100001101000011011101011011010110001110000011101000000101010001101001000001110010100100111100010111001010001100000010001110010000011101101101000111010011101111101000010101110001000000111001001100011100000100101100110110000101111100011
1010110000101101000100111100001110110111010010001100010110000010111101010011010000110100011110110001000111100000000010011101000011101101101011000010010011010111101111111000111011110010111101010111110010100011000101000011111110011001010110110011111011010110
1000111100110011111000001100010100001100100010111101010111110110110111110010100111010100001101000001011110010111011111010000101011110011110100100011101101101111000001001010101011011110100100111001011001111111001101000000001000000100000000110011100101010111
1101100101100101111100100001100101101101010001101010010101101101100100111111000101110111100001111010000000001001011101110110000111010000101000110011011000011000111111100000101001101111101011110011011000000101111001111101100110001011010000110101011110011001
1110110001010101011011001100010111010110001100110001001110100111010100011110001111001101111101100001100111101110011000001100111100100100111101101110110010000011011111001110010010110110000011001110111110110100101101011101100010011101100101110111010011110000
1011100101101010100100101100011101101010111010001110101111010101111010000110100010101001011000111010001110110111101011100101111000001101111110111001010100001110011000111011000111100010001001100100100101101101001001011110001001011111100000010110011001001000
0010100110010000000001110100011000011111000000101110000111001101010011111111001000011101111010110110011011001010000001100000001000010011111011001011110001100000101010000000111011011000100101001100101110001010010111001111001010101100100100011000010111100110
1111100010101011001011101100010000101011101010010011001000001010110110110110100101010110101111101110100001101011101111001100100001100111110111110000001101101110001000111011001011001011111111000000010010110011000111100101000010011101101000101011010011010101
1100110100111000010001110010111010101110101100100011100010010110010101110011001000110110000111100001010111111010100011101011000100011000110010110010011100011110111011000011111111111100111110111000110101111101101101101010100111111010010110010100100110110001
0110000110110011010000010111101000001011110011001011010000010111001001010101101101011011110010000101000001110110100000001001010000110001110010110100100010101110101000100001101001100000001111100010010001000001111101000100111100011110010010000001011100101011
1100000100100101111101010001010101100100111010100101011001010000011100000100011101001001001001010110100011010000100110001110101010000110011110100100011110100001111001011011110010111010000101110010101000101110110111110100001001000001100000101101110111101110
1000111110000000100101100100110101111111000111100000000010010101100100010010011101101011000000101011001000101111010100000100010100010110010100001101111110000000000010010101000101000110101000101001100001100110100110100001101001100100101100110111111000000110
1011110111101110011111001010111110010111001111111011111000011100100101011001010101011010000001010010110101101111001111010010110000110010101101010101101111001000001000110010000001100100111101010101100011011011111001101101011010110010100100110010111110101111
1100011111010010100100001010111011000011101101110111010101011011011100101010101100010101011001110111111100101010011011011010010101101010000100110100101010010010111100111111100100010001010011101111100100000000100111111100100011010110110000000010100010011100
0011010110001001111000001101010010101011111101011101000010000001011010011101000001100001110101010100001111001010000100101011001101011111000110101011111001101011000111111010101001000000000011111111000110001011110101000000101100001011000110111011100101111110
1100100110011011100100011011111111001011010010101100111010010111011010101000000011100111100111010100101011100000001011011110111101010110101010000000110010100110001000001000000010001010111100010000111011011001100101000100001011100011110001010011000001100101
1001000100010011001000001000010111101001000011100100000111101010101010011010000000001010000110100100010111001000010000010001000110100111101111100110111011101110101010011101101111010101010001011011101001111000111100001011110101101100100110011001011101010001
0010111110010110100110111010001111110011000110001101110001010000111101010010001111100111100101001110100011101110010010000101100110111100100101110011110101011101011000001000100011010001110001111001010110010010111001000100111110101101101010101100010010000011
1101000111001100110000100011011010101111100110111011100100111000000011001011100110100111011010010101110100111101110111110111100110001011010111000111101110100010110101100011000100000101111010001000110111011110110100000010011100001000110010010001111101111101
0110101001100011000010110101000110111010100010111111100110110100110101110001110100000111101001110001100000101001111000110000000001001111100100110100100010011110011000000101001000001000111010110000111111011011100111100011001000100111111111010010101011111001
1100101100101110110010110001001011011100000011100111100000011010011111101100101010000111111000110010110010100011111111100110110101101000100100111111000111011010010010100100010001011001001001001100101010001011010101001010001110100000101001010101010110100001
0100000010010101110110000010011011010011101010010101010000000110001111010000110111110111010001010101001110110100001110111110000101010111101011000000010110101110011011110000100011011001110101000000101010011011001100110011100101011001100011010010100001100001
0110010100001011110000010000101000101000001110011100101101100100101110001001011011100101010011001110101111111111110100100100111101011111100100010000100100000111100001110100101110111100100110110010001001111000100000101101011110110101010111101100010011011111
0010010011100110110011111000111010111110010011101010010000001001011100100100001001110011100101100111101010010110101111100101101111100111110011111100111010110110001010111010110010101110010001111110011110000010000010111110011000111111110011001100110011110001
1100001011010011011010110010000100111110001001011111111011110001111000011010000101001011011000000001001001111000011111001001100101101101110011110011100010101101111110011111000001111011111001000100101011100101011111010110100000010011101101010001001011010111
1110111111010111001100101000101010010011111100100100111101101010100111011110111101001100101101100111100111010110100001100110001101001001001011000111110100101101000011000100101000011000000100101010011011101100111010000011110111001111010111001110111111010010
1001001110000010000010110101011100110000010111110001111100011100111010011110010000101001100111001110100010110011001101000000001100010101010010101111100000010101111010101000110010000011100000010101001111100111000011110010110001100001101100110101001011101100
0111011011111111110011010111000100101011101100010011111001010010101100001010001111011100111001000010101111001001101011010110001111000011110000000110011010011000010011010000100110010011010000100110010110001111111111100011011111111101101011110100100110010011
0111110101100010011111001000100010101101101000001001001110110001000010000000000101100011110011000010101010100011010101000001001111101100111110011101110011000111100111110010000011001011101000110001010000011101001111001011111111011001011111011001111111100110
0111100011110101101010101000001011011100100100111110000011010001000100100110010100011011101101000101100000011011101011011111111011000101000011000111101111110001001001110100001111011010100000101110001000000001100101110101101000111000101111001010110011110001
0110110001011100101010010110011010011000110010011111111011010111011110010010111001111101000000110001011011000001110110011100110111100110100110110001000011100010011001101101000001011100011110111101110110110110100101000000010001110101000001110001110011011101
1100011111011011100011101110000011011011000101100110110000100011000010111010100110100110010011101001100111001101010110000000011110100110011101001100011110001011111111110111111101011100110101011011111010000100100101000101000011110100111100001010100000100100
0000000011100101100001100010110101011110011010010101011110100101011011001011101110001001100100101001001001110001011100010011001001010000100100100011011110000100001110110111011000010011100110001100110010010100010101000101000100111110100010100101001000101111
0100100101110000101011100110100111011011101011111000101100011100111111011001110010101100111101111010010001010000101010110100111011011111111010101101101110111000100101010010011110110000010010001000100110010010111110111010011100100000001111101010101011110000
1000010011101111010101100110010011010100001011010001101110000100010010011011101100101111110010001111000000111111101001000001011110000100110111101111010011010110100011000101000010000000000101011110000000000000110011001000101011111100001011011001011001111111
1010001100101100011100100010100101101000100111001000011010000100000110011101010010111011111110001011011000110101100101100101000110101010110101111101100011010000110101100001000111001110010010111000101000101111110011111001001100011010001000000110111011110000
1000110010100011100101110000011011101011000101011111110101010100100000101101100011100100100001100101010000110111010110100011101010111001101110101010111000100001011010000000101101111001101110011010111110100001010110100010001110000110010100101001100110101110
0001101111111000000010001011010000110000111010100000000110001001000100111000110010001101111110000011001001101101010001000101100100010011100010100001000000001101010110110001010111010010101001101101000011000101110101101011011000100111010110000010110111101010
1010001100000111111000001111011001101110111110010111111010100101100011110101100111011010001000000000111001100110000101001111010110110111111101110101100101000000001100011101111010011110101011111110111001011001000101000101100101110011001110101100011001111000
1011110010011101010010111010011010110000000000110011011111101111011000000110010001010011011110100010001011111111100001001001001101100011110010000011000001101100101001010110001100101011100100001110100000110010111110111111100011101100100101001111010101101101
0111100011110101011111100011101000110110110000010110101001000000001010111101001011001100111110111110100101011011000111000100100101100110010111001101011010010110110011111000100001010000010110101001101110000000110001110100100011110111101101001011011111111010
1111100010001110010010100000000010100111011001000001010101110011111011000111011100011010110011001001001001111110000110000010100001110101010110101011100110111110100100101010111111101100010011101101100101000101010011011110000111101110101011001111010101111111
1100110110001000101111000010000111111110101001111100100110011101010100011010011000110011100001100110100011010001010101111100101011110010111110011000101011110100001000011001011111100000011110110000011010100110111010110110010000011011111111111101001010100011
1010001111110111100101100010010000101110000010000010011000111101110110100110101011011111011111111110000010111011001001011101001001101100010101100001101101110101000110001111001011110011101011110001100101101101111101010011100101011111011101100110011111011011
0101011011000101111000000110111110001110001011010000001011101110011110011110101011001010110011001101100001100001111110101010100001100011001101001101100001101100010110110010001101001111000100000011000101110101010001101101001101100000010000111000100011010100
1111011110100011000010010000110111010010100110010000111000110110011111011000000111110100111111110011010101010010100100011001010011111100100000010010111101101101000001110000110111111011010101011100011010000000010100100010101000101000000010101000001010010010
0010110101001101010100101100001111010101111011111011000110001000010101011011111011110110110100111101100111111101100010111110011100100111010100101011111001110100000111110101000101110111101101011001111000101011100110101110011101101111110001111010110011110111
1100000110001010000101110101010110101101000001011110001011100101100011101011110110010101111110000010011010010101110111110100011111100011010100101000011011101010100101000101100001010110110100111010110111001101100111111011100000011011011111100001001101100100
0100101010111100110001011001000010101110000101000110000011110011000101110111001111100110110001101111110111111000111101110011111110100110011011110011001101111010001010111111101000111111001011111100100000110110010010101010000010111111101010100100010011100100
1010110100101111001111111010110111001110101111100001101110101101101100101011011100101010101110000100001001011000001101110010010111101101011000011111101011000100100010110111001100111011110001001000100010011010110101100000010101011001010111100010001111101001
1100111001110011111010101001001000000011010010011101100011010100101111101010101100011001000100000101011100010011111101100110100101011110011000010011010111110000001100100010111100011100100010001100101100010100101011001100111100100001101001010100111111001101
1001000000011011011001101001000011101110101010101001100100000101110000100111111101000011101000111001010001000110011001110101010100011001100010101011111011100110001100100001000101110111011100010011000111100011000110001000101000110110101000000111011111010011
1111000111001100000011000111111100011011001000010100011100000011000111010000100101100110001001101000110111011010011101011001010110110110100000011000010101000101011111100010110011000010110000110001101000011111000111011100000000011110010000011001101010011100
0101100110111110100101100100110101011110100001100011110011100001111100100110001101000110001011001100010011101000101100110111111000101010001010111001010000001110001010011010001100000010011000000101010111100011111001000011111101110010010100000011111111010100
1010000100000000001100101001110110101111011101100001010110001110001110111101100010011110001110011110001111110111101111011101011111010001000110110110011000110101001111101110001000100111010111110101001110010010100100011101101011100101011001110000001101111000
0110100000010010100101101011100000000010110111000011110010001011011101101100010000011110100100011000000010001101010010111011100101000000011100100101100010100110101001000111100000100001011011110001110000011001101001100100000101101011010010001110000101011100
0011010010101011011011001100011000110101111110110111100101010010100001010000001010100100111100001110010000110101101010110111110000000110011101001101000011001101011101101101101111010100011110010010000100100010000101011110000000010111101100000101011010100110
1010000110011010100111010100010010011100010101110101000010110011100111011000010000111101010110011110001011010010100000001110100100111100101011010100101111100101000100100100011000110001100000000110110101000011010011000100111010110110001100101100101010100011
0100100011010110100001110100000101000010111101110101011100111100110101110011100111111110111011111010000001001010011010010111000110011101101001101000010000100000000001100111101010000101101100100110001010011011101000100010000011110000011010000110101001001110
1000110111000000111010110011110101101101100100101100100010110000011101010000101010001111101100111000000101101110000011011110101100010001110110101111011011110100010010110110101111111010010001001100001100011110000100011010111000110110111010010001111010100001
0000000110111001111110011111010111110001000001001111010000110000111100110000111001011110101100000011100111010111011011100001110011011111110001111011110010000110111111101001011010000011011010011101011011110011001000100110111111000111100111010001100011110001
1011000100111110011000111010110000001011100101101101110011110110111000001100011001010111111001111011111101010001000011111011001001111101111111101101001101011001100011110111110001000001111000101010111110110100110000110110101101001110000110010001100100001111
0100001011001111010110000001100010011110010100001011110111001010011001001000010111001011101110101100110111111000001000011001110100000000101001011100101011000000010010000011001010010000000110011101010101010100010100101001001011000101000101110100000101000001
1111101001110010110001111010101001110001011001110000000010010001000010010011010111111111011010110000000111111001001101000100100101011111011110000001111011101110100000110010101101100100101000000110001111111001000011110101010010000110000000100011100011101101
0111011001001010010110100011100001100101100111001011000011111001011010101111000100111100101101100011001111110000011100110010100010101100000011011101111010101000011110111001000100111000011111101001001000001000110010100101000101110110010111011111011000111000
0110100011101100000111001011011000011010011010111101100100101101000101010110100110100100000011011011111011110110101010011100000100101110001010111001101011001010100111010110101100111100111000100000000111011011001100100010110011001011010100100001110000010011
1000100100001011100110111100100111001100001111100100100100011101000111100110001100100100001101001100111000000101110111000100100111101011010010001110111101101101101101001101101111010111011000111110000110110011101100110011000101001010010011001000101011011001
0010100110001001100100000001111100111000111101010100110111000001100110110001110111100010011101100111111101110001001100011111101100110101011100001110101000011110000101010001100111100011101100000111111111000100010100111100011000100101001110000000111100101110
0000110001110011110011101001100101001010011010010001100001001000010111011110100010101011101101101011111011110100100100010100000111110001111101101100111000010010001000000000011111010000111011111101101011011110011110001101001011011110111111010000000010011000
0111000100010001011100111011101110011111000000110111111101100001101001000110111101110011100110101010110010110100001111111001000000001000110110110110010011000101101011001100100000000110110000101011000100111101101100110101101100100001100111100100110100111111
0010100011000000011001010001110010011111000101000111110000010010100001101000110100110110010100100100111001011110110001101010011101011101000111110011101110101011011111100101010100101011101111001010000010111011101010100000010001110010010101010111000110101100
1111100100111000111000110010000100111010000110010100111111011101001010101010100110110001000110000101101100011010110001100110101000010100110001010001111110011111111100100101100110110010011100110100111111011000001010100011011110011011000001101111101010110110
0010001100010010100101000001110111010000100100000111000010010010011100100100010110011001101101010010001100010000010100000010100001011011000100110110010000000001011000001101101001100101111110011001000010110010101011011001011000111010000110011111111001111010
0011010000000001010010010111011111101010010001100010010010011001001000111000000101101011111001011010110001001001000100000010101010010111100111010111100101101101001001011101111011111111110000111110010110001010110001110010101011100000011010001010100011010101
0011110001111001011000111111010110011010011110101111110111101111010010010110011001010011100000001101101000111010100100111100100101001000110111100101100101011001001111010001100000100111001111100111100000101100111010101100011111001010001101001011100100111001
0110011001011100001101010101001011110011001011000001101011000110111110110011011111000101101000111001101100000111101011111111001101111010110000000011010101111011111001011001110011001001010011110100101001001011110011000001111000001010111100110110000111010010
0101111010011011101000111110000111100101000000101110001111100001000010110101100101100111101100111001110001111010101010101101100011110001110001000000010100100001111000100010010010000111110101101110100011001110100110011111111111110001110110110011010001000110
1101100101010101000110011011110000100110110100001111101110100011100011100001111101010100000111000110011010011001100100001001010100100101001000111110001111100011110011101110111000000011110000011000001010000000100011010111100001111101010110011010010100100100
1111011000111001111000011100100010111101110011011010100000110010111101111111100110101101000000111111100001000000100001001111001100000100111001110100101000111101011110011110100100001100111111100011001100001000000110010010100101100010000101100001000001100110
0011010010110101010101101000010000111100111101100011011011011000100110111110010011110100101000100010110100000110100100011101001001111111110001101101101000010101100101110011001010001001101101001100100011010010101101110011101011100110110010101111110010011011
0011000000111101100110101101101001111111111001101010010111001001000011111000010001101001110111100110100001111001010001011110110010100100010100010010100000110000010001101000110100001001100110000011010011101001111111010011011101110000101010101011110010010000
1001100010001100110001010110101000010010010010011001111100011010101000010110110011110111111100000110100101011001100000101100111010100110001100101011000110110010001100101010101100011001001001001110000110101001110011001100001000111100110101010100111111001000
1100001100001110111000101110111011000010101110000010110111101100010000011010110110100011011000010010101001101001010001100110000001000010110101001100100000110001010001011011011110100001100101000111010101000010110111101111011010101100000101001001000010110111
1101101100111011010100011010011110100001010110010000111100110000010001001110011111001001010111101001000011110000110100100001011111100011100001101001101001001111001111011011100010010011000001110000011100101010111011001110111000111011110100100010110101111001
0111110110000010011001010110000101010001100101000001010011101110001010000010100001001010010000110101111110101000010001010010100011011101010110000000100011111001111010001000110110011000101011110010000100111000101110011101110101010110000011010010111111011100
0010111001000010100001000100100000110010001111010110010001000100010001111010101010001111011101010111101110110110101100111100010101001110111101111010111010010100110110010111101011101011011011000101011111101000101101100111001000110010010011110001011100001010
0010010101110000000010011110001011001010100010100011111011001100001001111100101110011110011001101111110101011011101111110011101010110010001110111101010110001000111001110111011100011011011001101010010010111010101001001100010111101110010000000010001001111000
0111000111100011101101000001000001010010111000011001011010010001000101110010011111000101001001100000010000001011111100101000111110010001110111010101000000111100111100010001110101011100101001010000100100100010110101110010001101111100000110001011011011111011
0110101100010000001100001100101111001101001110111000110011111011010010010100010100111111001101011011101001110001000001111111111011101111011000111000010111100011101010100100001000001101111100001101011110100101101110001110000110100110010101100100011000111011
1111111101000101111101110111001110010101111110110101000001111001000001001010111010111001001100100001100011101000111011100001101001001111110100100101010101100101001000100110000101110011011011110100000011101101011111100110101101110011001111111110010000100001
0011101010000100101001000010111011110010111000100011000101110000011001000011001011111000011101010011111110001110111110110100111011011100101111110111111010010000000100100110100010111010101110011011011110011110111011100110111001001100110101010010111111001010
0111111100010010111100011101011111101010111100011110110111101000101111000011011100000110100001010010001010000111111111001011010101000110001010111100110101000101110100111110111011111111001010110111001011101000001011101111101010101010001111100000111110100111
0110101110100010110111011100000100110111110001000110110110011111010010000001001000111001110101100101011101000010001110000111010101101100110110110110100000110000110100110110110000001100111010011000010101111101101100110001111000010010111111001001110100001001
1110000010000101000011101111011101000100101011011000100111011011011101110110110101110100001111111011100101001111101100100001110000000111100001101101011000000010010110010100100001110010101110000111010110101010100010010100100000010011110000000100000011111001
0001001111110100111011101111101101010001011011100010111100010001010001011111011110110111100000000100111010010100111011110101010100110010101010110110000111100000111011110111001101110000110000000011011000000110101111101111000100100111101000111101110000101110
1101111101011001100101100111101101110100010001100000000100011110001001010100010111000001101111110011001000100001101100000100000101010000111001010101011000001110110001000011010110010011101111000000111001101000000011111000100100100111000011101010010001111000
1110100101010000000110110101110111011101011010100100101100110110101001011010011010101111001011011001110011111001100110010111110011001001000110110000000000101110011100010101010111000100111001000110111110000110110100111001000000101110010100100010110011010000
0010110111100100000000101011011000001101101100011110010110110111111001110000111000000110000011101001010101001011011110100010001100000111111100101001100111111111101011110101111010110010101000000111111011011101010100110000101001100110101011100010101110101111
0000000011101101000110110101110001101010110111100001100101100000000010000100110010110110100101110110000100001101000010011000100000100110000100001001010001111010011111101000100000101001100100111110001101000101010001001011100010010010111100110011001001010101
0111000000010111101011111110010001111000011101111101110100101110110110000110011001001001101101101111101011010010000000011000001100101000011001110110011011001111001110111100111111101111110001011101100000001101000011111111000011010011010101000101001010101100
0101111100010101101011010100010101001010010111111010110010101101000011101011000101100000111000010011101101010001001001100100101010110110000001111111110100000010101100001111101100111011111010001010101001101000010111110001111010100100100100110111010101011100
0111011111001100010100101111001000100011011001001010010100101100111000101001000110000100101100101100111011110101000110110110001101011100110110011110110000000111100001001000001101101111111110101000111110000011000011011000001000001101100011100001100110000000
0110101011001010011010111111101011000011100101001011001101011110100110000101100111100000011001110011011100000110011011000011100011001011000100111000100010010111110110011001110100111100100000110010101101011010110101101111011100111000110110000111000001011100
1001010100110111000011010001110000101111101101010101010001101110000010100001001100011100111110001011100110010100100001101000001111000001100100101010100011110110001100110111110000110010000100100111101001101000111100110001001100110111111001001110000101110111
1011100100101100010100010001010100001100110000011001111100101011011011110101100100010010110010011101001011010000010011011000011011000100011100001011000001101101101001111110110001001001001011010011000010000001011101000001011101100010110101100001010011001011
0000001010101100101000011111000000111111101101101111111000010001101001011110101100110111111100000000000010010111100110011010000001110100100011100010101111100011110000000111001001011001101010111111110010010011010100001111100100010110001110011000001110011101
1110011011100110011001110010101100011100011110100100110111010111110110100000000010110001110011110000011010011001010001110111000100010101000111110010110100010001011101101101000000100010100110111100011011111011100101110111111110101010111111110011110100011101
0000011001010100001010100100100111101000001011100000010001000001000001110001000110111110011010010110101100100100001000001111101100001001011011110010111011110010001011110111100001001011011001001100001100000101010001010010101110111111111001101100101011110111
0001111100111100100011010000111101011110101111110001100100101100001011010010111111011000011011000110111101011101101111111011010001010110111101110101101110110101011101100110010000111110011011110011001001110100011100101000010011110101000100001100100011001100
1011001110011101001001100001100110100001101100000001011100111011101111010010001101101100100000101001101100011011111000101001000101111001000000001001001100100000000011000101000101101111010110110111101110010001101101010011111111010111001110011001000101111001
1100110001110110011101101110110000111110110011100101010100010011110011111100001101111100101100011111001010101000101111011100000010111000011010000001111010011010011010101000111110110100011000011111101100100010001010101111101101000111110010101110001100101110
0111001000000010000110000010001001101010111000110000110010100010100110110100110000011000000010101011010001101110001010111011000101000111101110000001011101100101010101100000100011011011100001100000010011011110100010000111000000001000011001000100101010010111
1000111111111100011101000100100011111101011000101001101000111100001010100100111100010111011001101100110010001000101111100101000001101011100001111001001100000001000011001110010010111000110000001011101111100011011010111001011010000100100100000101011111000111
1111010001110101110111111001001110101110100100010111100100111000001000001100101000000001110111001101101110100100000111100011000111011100110000111000000101111011110110011000100111110100100000110001111011011001111010111000001010010001101000000000010110010010
0101000101111011100101101011111100101111000111110110111100010001001100000111100000101001110011010110100011001100011100000111011111001011011001000001000001110001101010101001000101010100101100000100010110001000011101111101000110010001000111111000001110000010
0011101110101011010001100000101010101100100111010000001010110000010110000111111101011111111001101011111110100111101000010101000000101000001000111101000011001010101101111000101100001100010011100001011011110100100100000000000011001000000000110101000110011101
1110111101010010110011000000010011101001101100111100000000110101110110100001011111001001110100100110000111000101101010000110100010000000111110111000000101111000010001101110010001100001011101000100110111101101000100000111101100010010011000111011001010000101
1000001101010001101011000000001000110011000000101110101110110001001001100010101101000101001010011101101110110110111011100101001100001111101101110110000001100111010111110000011001101000111001101111100010010000010000101000100111011011000110011011110010111100
0010101111111001100100010111111010011011000101001000011100010010001110011011100111100011101101101111011001010101001000000000001000111101000000001111010010011001110101111100000100010110100010000100110011001101101100000100000101001000111000001000110000111010
0111101101111100001110010000100111010010001011110000000101100111011000001011100010010110010101000100110100010001111100110110001110100001110100011111101100101100100110100000100001101000000001011000111011100010001100011000000000111001111000010100001111011111
0011001110110000001000111101100010010111001011101010100001001000011000001000010100001100001110001001110010001011100100100010100000111001111001000111111101110101001100101011011001111111000001010001011011011010001000100011101011001101010100111001110011010110
1000111100111000010111011110000010111001001000000010011000010000101001111111110001011011101100101101100110100101000011110000111100100000111111111001000111011111011100100010010111101110000010000101001011011010011010001000111110011101011011001000010100110111
1110001100111110110010101100010100011000111110000010010010110001011011001011111001011000001100000010110000000101000001011000111100001100101011001111000101100011111100001110101111010101101101011000111011101111111101101101001101100011100001110101001101011111
0101000111101000010101011101011000111000100000100000010011000010001110101001000111000010000100011010100110110101101001101001110110001110100001011000000001001100111111001011001001011010110001001101111100110111100001011001011100101101001011000111110110111110
1001000101110110110100000100111110111100011100001111010000110100001100111001010011001011011100101100001000000001010111111010110101000110111011101100010010111110110000101000110010110000101010100101101011111010000110011001011011010010111111000011001111001110
1000111010111111010000001100100110000001110000010010000111000110000011000010010000101100111111100010100110011101010011010001111001010111101010110011010010100111001111011011101000111100110111101110001011010010100011000010101111000111111110100010011100111000
1011101110101101000101111010011000010001110000001010010101010110101100010000101110100100010110000100001011100000110001001110111010100011100010110101111110001010111010011010101100010001110110010010010010100010001011100110011010001101100000000010110110000101
0111101001111000010101110110011011011100111000101010111110000011100000011101110000110111100001011100000111000110110110001110001111000110000001000111100111111001101100101010110110100011101010001111110100011111001000101001001100000111111000010110000111011010
0110010001001101001011110101010011000010010001111010110001111100101010101110011100011001001111101001111110110111001110010110101100000010000101101100011101010001001111011101100111001111110101101001100101111101010010000010000100100010001100000000110011111110
1100110010000011010100111011111111011110000001110100010100000101111111110011000101010011111000110010101100010001110011110101011000010101011010101011011001111000101100011011010111111011101110010111001110001000110011111000100001010110011101011000100000101110
0110000000000001100101000000101000111001010110001111100000110010101000110100010110100000000111110010101010101100101010011101100011100001000011110010001001101111011000100011010111001110001010010001100011101010000101000000011100011001000111000010101101001010
1100001011101010001010001001011010100010011000001010100010000000000111010110000101001011001000111110011000001111010001101010101011111111010111101010001101101110001001111110001110011111010100101001110010011011100110100000001001111101111101000100100010100010
0011010010010011100000100000111000101111100101001101000110111000110110111000011001100100110001011101111000000001100011100010000011110011000101110001111100001000011100010110100001100111100001000010111101000001001101110100000111101111000011101000100010000110
1101100010011001000001101110101100010110111110100110001100111000111001101110101110101101010100011001000001011000000011011000100111110000001001000111111110000100010101001110011010111111101011010110111111011000011110011110110010010001001110001001011011100100
1001010111001001011111011000001010001010011010101010000010110010111101001110100100111111110011000011011100100101100111010100110010010110110111100101000000011001011000010000100001000011001110011011011000011010101110011011111101000101100100101010100001111011
0011010111110100101101010100000110111111110011111010011000011110001000101111011010011111010101001101001000111100010111110001111111111001010101101000111011000001010001111100000100000010100110010101101100111111101001011111000100011111000011000110110111101110
1111101011101110000100011101000111111111010001010111110111111101110110010110101110101110000000101010100011101100101100010110011001110110010111011001000100000000100101000111010111100101101010010000000111111101000000000101010110010111100100000111101111000111
0010110101011001111100111111110000110101100101011001010111011110000000000101000111001010100100011100101100011101110100101111111001111101010110110000110010100111010111111001100110110001011110110110100101000000000011000000000010010111100111110011010010101110
1110001010100001001100110010011000011101100000000101110100000001001001010000011000011001111000110111001000101111110111011010001011001010000101100110101110100111011010111101110001110101010001110100100101110010101001101011110011011101101000010011110100001100
0011101010011010010100110111111000001101001101100101000001111100011111000010011110010111101010001010010101011111100011000101110111000010000101010111000110110111011001001100000110100001101100011111111110011101101001011001011111001101111111000101001110000111
0010110011000001110101010101001000110110111001100000011010110110101000000011001011000001000010000011101100100101001110111001001100110110011010000101001010101111111100110000110110101100101010111110101001101100000001000111011010001010110000000100000010001101
0011110010011010010011000110111110111001000011101011000100010110110101000101111100000001100000000100110101100100100101100000000110010110100101100011010010100111100010100001101111100000100100010010111001000010110100010110110000101000011101000011110001001111
1000101111111010100000101101000000001011011010101000111111111111001100101101111110011100001010110101101001010011100010110101010111100100011100110101010100100010100000110110101001111110011011001100000100010001000011111110011101001100111110011101000100000011
1111001100101111110100100000111100101111000011110011001100001000010000001111001000000011101100111010000010010110010111001111101110111000111010101000101111000010000011001111011010010111001101110101111110110001000000000011100000110111110010111011001000001101
0111011011001111111111011011000111100011010110100101011010000100001001001000011011000111011001001010010000111111100000000011111111011110001001011011110001000100101000011101101011000110101110000101011011001110010111011110111001100111101111111010000011101000
0011111010100011110101100000110111110011101000101001010010001100000101110110110110011001000001001011101000110110101010011000001101010101101010001101101000110001101000100010011000110101111101010110010110111010010001101110011100110111101110100101100001010011
0100100101011011001011010100001010100010000010111011100100011110011001111100100110100100001111100010101010100111111110010000000101110110100111010101100000011111111100110110011110000011010000000001010011101010110110010010000011001110000110100001101001101010
1100001010010000001100000110010110111101101001011010001000110100001000000101001000000100000100010001110000001011110011011110100101000010010110100010110100011001111110011101110010011100101011111100110010110001000101011010001011010110101011000010010000010101
1010010100110110000001001010011001110001101001111010011001000010011110100000101011010110101011001001100110001011110111110100011101110101010101000011000100111101110101100010011100100100100100101000001110000010000011101010010101100110101111101010100110101001
1101100011111101001110011100101001001110110110100010000000001100100111110001000011001100011011001110101101110000111111110001111100110110110111111000010000011110101001100101110001001111100001000001001110000011010001110110111001110100101010000001100101001110
1000101110011100100101000110110110110000001001111111101000010000101111101001101000001110101110100110101001010111100001111110110100000100101111100001101101000001011000010101111101010010100000010100011001011110100111100101111110111000011101101000100010010101
0100010100000011001100111010111101110101111111000010000110111000001000011100110001011011100001010001101010111111001000000011110001011110010110010111110000100000100000011111010100001111011001001111111111100010000000110011001111010001000001010000111101101010
0100111000111110111101000110010010011111100010010101001101111101001100001011010001010110010101010110111010001100100111011011101001001110000100001001111000011101110001011110011110011110001101001010110010010010000010000101110010011111000001011111111111011101
0100111000010111011011011110010011100000010100010000110011010100100110110101111000001101001100000001100010001000111010111100000000111010110111000101000110011001111101110011001001001011001100101110110011000011100000000100100000011011000111111000010011110000
1001001111001101001100110010011100111100010001011110001011010110000100001111001000111011000111101001100001000110101110000100111110110011101101001110100010001110000111011011010100101000001001001110010010100001000111011100101111100111111100110000101110010000
0011100100111000001001010101110110100110111101111101011110000111000010101110111010101011001111011100100010100110111110101011111010010110010101110100000011110001101010100110101010111100111011101100001011100011110000010001110111000110001111101001111111101011
1001011100101011111101101010011100101100010011001011010111101101111000110011001010011100101101001100001100011100010111011001110110110011001101110011011110011000011000110100000000000110111011100000000011110110100110111010101001110000101110100101110010100100
0101011101011011110110011011110011111100011011101010010000101100100001101001100111000010010101100110101110010001000111100111110011010101010101011000110000010010011100110111000101011101110011111011111000101000001011110101101000110100011110001111001111010000
1010001010011001011001000111011111111010111101110011001011000010011011000101101111100010100000111011111110011100001101111100010000010011010111110010111100111011001010111011011110111100010110111010110100111011101111000100110101001110100101110101111101011000
0110000110111111111100100011100100010001111110110110000010110111110111011111100010110001110011010001100010010110101101000000101100000011111010110100011100101010100100000000000011000001111010101011000010001111001110001111111001110110001010010010110000101110
1010001001100001101001111000001011110100001011010010010101001011100110100001110010011001001010111111101101010111011110000010101000101010011001010010111111011110111111100100111011010111110011010010000001111001110100010000000001110011010100100110111100110000
1010101011010100010110111000101000010100011000100111001001110110111011000000111110101111100011100111010000101011001000101110000110010001100010111101110101110011010111100101001010001001001111110011111011101110101111110000100011101111000001000000010101111110
1110000110010100110111111011001000001000001001101001110100001001100101110111011011111011001110110100001110001000110100011101110110110111100001101011100101011011001111101010110011100010011111101100011010111111111000000111111011100101100111101101101111010010
0001001001001010101001111100001100010100011011010110111100001110110001011111111010101011001010001000111110110110001100100011111101100111011100111100111100111101010110101001001111111000011111000100001001110111100010001100011010001001011010101010001000100110
0010100000110010111000100000001110101001111001110010011100111111101001011101001011000101100101111100111001111001010011110101001111010100001110000001110000111011101100001101011011101111010110001011110001001110111010110011111001111000001010010101000011110010
0011010001100000100110110110100000111100000111100011110000111011000110100010111111110001010000011001011000000111111000010011000101100001000001010100100000010001110101011011001110011010011101011001001110110110011000001110111011001100010001110000111010001001
0100000110100111010001100000001010000110001100111011110011000000010010111010110010101110110110111110111011111101101010111101101010011011101010111101000011011111100110000011101001001010011101001111110101111110000101000110001111100101111000001101001000010010
0000100101001010011000001111011011001010001111101000101110011011011100101111000110001101111001011101100100110001000000001011001101001101011100100010100001110101111110000111001000010001111110010001001000100100010000010010010000001101100101101011101100000000
1010101000001111010100000100001100010010111001100010100111010110100010100010111100001110100000011000100000101001011011011110101000100001010100001110101001111011011000001010101111011100110111111101101011111001110110010101010111001001100000101011100010010001
0011110110111110010011010100001100000001011010100111010101000000110101010011010111101111000111111100010110110010100111100100101000000100110111001011011011001010101100011110111010011010001111010001101110001001100101111010110111110001011110101001000111001001
0001100100010000000100100101011101101110100100010001001100010011100001101111011000111111100010111111110100010100110111001010111100000101111110000010110110011011110011000111111000101111001100111000100001110010100001101110111001010101001001110011110011001100
0101100100010111000010011010110001100001000001111111100110010111001000000101101010100001101011101011100111000010101110100011110111001010100011001100010100000110111111010010011011011101000000111101010111100111001111110010010011110101010010110000111011100101
1000101011100011101100111100001000011111010010110110110000100001001100000101101101101100011110001100011111111001100110101000101100110001100100000110110000011010001101111111000011000010100111011010100010000111100000100111010110101110011110001001001101101010
1111010011011001110110111001011011101110010000001001011111011100010011000001011110000001111110010001010100101111111011111100101101010101100000001111110001001100010011010011110100100101110110001100001100010101111011111110101000000011001010110101011110000100
0111111010111111111111111110111111110011001100000100000101000100000101010110110110100000011100011101101010101101100000000111101001110010110010011010000011001100010010111101011010011011100111100000001010110001111011110011101100000100101000110000110010010101
1011001000011011011110000001111011101000110111101110101110000101001001010001001000110111100001111000001101000101000110110110001010001100010111110101010011100100111001000001101011010001101100000000000110010000100111000011111110000110101000011011110011111011
1000011111011111000010111001011110010111001010110110011011110000001101011010101011110001001101011111101001111101000010001010001001011111101011011110000001111001101111010100011010100010110011110100101000001011110010000100100111111001000111000001110110110110
0010111101111010110100110111100101011000010101000111010011100101000001101010001001000100111010110011000010000100110001011111001110011000011110101000001000100010000010011100100010001101000000101100111001101101111111010000111010110110000000110000100011011011
0010000000101100111001001000110101010101101111000110101001110111111101010010101011101011110110101011101010010011100111111000000001100001001110110000100111111110110101110000001010000010111010101110010001100100111100010111001101001101011111101100111001010110
0000000101011100100110011110101010011011010010110111110111011000001110101011000010001000101100010000010000100011000000011000100011011010010101110001101000111101011111010001001010111011101010101100110101000000011000101110110001111001111100110000100000000111
0010010111011110000110000100000010010100001001111010101101011110011101000111111101110101011001101100010010011011001011011111000110110001110110111001100110000111000001101101010110000111010110001111101001111011100000010111111110100100011101010101100110111100
1101100110111110001101110111000110000110010011111000111011110100000111100101001011011111001101100001010100100101111000111010000101010000001000111011010001100001100101010000011001110010111110111111001101001110101111001010010100000111000111001010110000101110
0000000101001111010110001111101100011111111101100010001001101101001101010010110011111111110011010110111011000100011000001000111001011100100101011000010001101100010000110100100011001111110010101101101011011101001001001110111010101111100011110010011001000000
0000010100101001110010110101011010100111111000000000011001101101100011001001110010110100011110001111000011010000000111100001101010111110000010000101111000101101101011101101010111110011100100000000011011000010101001010101101100001001000010101111011101000010
1000111101100000110001001110011001001100001010100101001011011100001011011101100011101010010101110101100010001101101001100011010001001010100011010111000101011010110100110010011011111110100100101111001001010100111010110010101000100001010000011100110111011110
0100001101100011110111010101000110011001011101000110100101001111000010010111101010110001000010001111010110010001111100100100010101011111010111111110000101001110001110111000001010010000101110110011001111101111110100111010100001010001100110111101001100011100
0110110010100001110101100010010101000111001001101000001011100100000111001011110010010111100100100111111100101011000110111111101010000001110101001001001111010110111111111100100010111111110111110011010011111110010000000101000111011000010011001110100001001011
1101110110010011111001000000010101100111100010100000110001100111011100101111000011111001110011011010100010010111110100111011000011111001011011011000001110001110110010101001001110110010011000010111000011111000100010110000011011011100000101011110100100010111
1100010101110101011101110101101110101101111110011010010111110001001000010000000000001001000010001111100111110111111111011111000110000000110111010110010000011011111110111000001100100001111010010000110010110000010010110111110010100101011110100001001011000111
0111110010011100110000010101100101101100110100011000000101101001000010111100110000101101010001000100111110100101010110110110001001001011000101110101000000111010110101000101000011010010010101101100010100001111100100011000011011110101111001011100001001000010
1010100101010001101011000001101111110000110111111000100110111001101111001000110111000100000111000000101101001111010100111101001100100000011001001000011110010010010010100111100111011101100001000001101101101011000100111011001100011110110001000000011110011100
1110100110010010101100110011001101110110001000101011000111100110111111101110101111011000111110001000100000001011010011110101010100011101100111000011000110111111001001100100110010011101110001011011001011000011101110010110101001010001100111001101011011101011
1110101011110000011001000111100110011110110111100011101010000011011111011000001101011101001100000001010111011011111110000110111010010101010010110111101111001110011110001000111011011011111101001100110000000010110110110010110000001010110101000111110010010010
1100100001110111100101100101100111101100010010110001001101011100000010000111001011010111001000010010010100100001011111010011001010001011101010001010100101101111001111100000110010111010010010001011000000010101000110000100110011011111100101001000011110011010
0010000111111101110100001111100001001010101101111000110011001111111110100001011100001111011010111000010101001011000011000110100101011000010110001111111001110001001111000010000010100110101000011000010101101000010101110101110101001111111111110100110111101011
0011100010110011011001101001011010110110000111101101101100100110110101101011011110101001100001110001000100110111111010011010100001001001000111000011000011010101110110001001001101010100001000110111101001011100000101101000111011110110010000000000110101011011
0010110110100001110010001100011000001111110101001111001110001111010000010001100010001100000011101001100101001011111010011011111010101010000110000101111001101111010000100010010010111110010111011001111111000011001110101010000001001101010111001111101001100011
1000101010001000111100011101001010000111111101010000110110000100110110010111011000111010011101011010010100100101111110001001010110011111101101100011011101001101100000101000011110111100000010110110001111101011011011111110010111011101001100000000010000100110
1110010100000010001000001010110001011101111000100110101000000100101101110110111001111101010000000110011100100001101110101101011001101111101100011100111110000110011001101001110111110011010010111100111011110100110101000110001110101100001101010101100010111000
0010001011011000101110001011010100000000100010000001110110000000110010000011010001100101100010101101110001110000001110100111101110100111111000100011101100000101001000001001000010111100111010000110111101001111000000101100010111101100110110010100000010000101
0101111100000110110001110100000101111111110001101110011110011111110000100101001101111010010000000111111011101011010010000111010010111110011001000100011010000001110110100010111010110011101101110100111110100101110101001010100001101111101001101001011001111010
0000011000010010000100011010010100110111010000010101000111110000110101000100101100110111000001011111000001011100011111101101101110101101010000110001111111100110011110110001011110101101000010110100011001110010110111001000100001100010010010000100111010011110
0101100000010100100010110010100100100000111001000000111100111100110100000011000110000000111110100000101010011010100101101010010101001101110101111101000011010001110101110110010110110010111110111010010001110101111011100000100011110010010011101000000011010111
1111101000001110110000001101011101010001001011010011100101101110010110100001101111111010000011010000000010010111010001000000001000000000001011100010100000111100101000000100110010011100101000001111011010111110000000100001111110110000010111101101101011111101
1001011000000100001000000000010010100100000001000110101001010101011011010001100111000001100000001011100100001101101111111011001111001100001011100111000101000001111001101000001011001000111110100011100110000001011100101011001111101001111111010001000011000101
1001000000111010110011011010111000000001111100010010011000110000111010000101110110100110110111001110000100111101010000010011101000101110110100111000000011010110111001110000110000100110110101101100001001110000010010000011000010010011001101101010111000001000
1011000011011101001101000001100111110001000101111001110101111001100101100100011101000110100011010100010100100000001000101001011101110001000011011111000011001100110111110100011100110111010100011100110001100000110100000110101111001101101011111011101101000110
0101100010100011000100101110100001010101111110011010101110100111111010111110011111001001101011111110110010010010000101011111101011000110110100010001101100011010111010101001100110011011010110011000010001011000101010110100000111111111000010100111110011101010
0010001111010001001100011000100010011101100011101000110100110000000001011010001001000011100001000000010100000110110000011110000011111000001111110101001001010101100000111111001111101000110110100011000001100001001001110111111000001101111111110011101101101101
1100001110111110100101010101101001111111111110101000100010100101110001111110011111111110101100000011000111100100010000001001111111000001001011011010001110010010100110011000000010101101000101100010110100111000110100100110111011010000100000100111100101001000
0011010010001100111010101101001000010001010011100011110011011010011000010101011010101001111000101110011010111100011100010111100000000011101101100111110011011000111101010111110010101011001111111111001001100110010101011000010100010011111011011000000101101101
1011011111110101111100111000000110000110100011100001101111001011100101011011010110010111011010010001101010100111110110001100110011001100101100111110010000111000100100110011001100010010111001001010000111101010100000101010100111111011011010010010111111100011
0100001100101010100110000111011010000111101010011001101110011010101010100110100001001000111101111010100111001011111001110111111001101110011100110011111010001010000001001010100010111111011100011000100110001010101000101100001011011001111110110110110100000111
1010111110100001011011010010000100101100001101001100111000011010000100011011001110011110110111111000001000011011111111100011001010011000010001000000010010111011101001010000111100011001010010100011101100101010001101000110100110001011100001000100000011111001
1101011000000011001101010111010000101001111101011111100011001010100101100010101110110100101111010101100101000000010011111000010001010011010011110111111000011000001001110110110001100111100000101101001010000000010001000001101110101111111010001101001010101000
0011000010101111101010110101100100100010001001000001100001010100001101000001111110010110010111110010011111100001010111000001001001001111001000111100011110010001000100010110011111100011100111000101111001010011100000011101100110000100011110010111011100001001
0011001011010010001000000111011101000110000101111011001110100010111101110010001000010010001111011011001000100100111110111111100101000111111010101110110001000111011000001101110111000001010000100101000100010001100010010100010011110000101010010110100011010000
